15.2822 16.18 -0.8978
14.2295 15.122 -0.8925
16.5797 17.274 -0.6943
15.3029 16.2 -0.8971
13.8339 14.151 -0.3171
15.6545 16.536 -0.8815
14.1401 15.016 -0.8759
16.2627 17.031 -0.7683
13.8977 14.688 -0.7903
16.3803 17.283 -0.9027
16.3303 17.153 -0.8227
16.6169 17.567 -0.9501
14.2377 15.143 -0.9053
15.9412 16.487 -0.5458
15.3675 16.268 -0.9005
15.1182 16.006 -0.8878
15.7379 16.63 -0.8921
14.6982 15.503 -0.8048
16.5622 17.414 -0.8518
15.5924 16.479 -0.8866
14.9198 15.815 -0.8952
14.2297 15.097 -0.8673
15.0577 15.972 -0.9143
15.0266 15.925 -0.8984
13.8936 14.167 -0.2734
14.8467 15.632 -0.7853
14.1799 15.064 -0.8841
16.5202 17.217 -0.6968
16.4532 99.999 -83.5458
13.5207 14.203 -0.6823
13.9108 14.271 -0.3602
14.134 14.323 -0.189
15.918 16.769 -0.851
15.8369 16.485 -0.6481
16.2134 17.157 -0.9436
16.2813 17.2 -0.9187
13.8856 12.65 1.2356
16.9462 99.999 -83.0528
16.4873 17.395 -0.9077
13.7254 13.588 0.1374
14.1578 14.801 -0.6432
16.8232 17.585 -0.7618
15.3794 16.26 -0.8806
16.4817 17.389 -0.9073
15.4559 16.345 -0.8891
14.1583 15.019 -0.8607
14.3717 15.163 -0.7913
16.478 17.359 -0.881
16.4 17.242 -0.842
15.2821 16.059 -0.7769
16.5866 17.473 -0.8864
15.1249 16.015 -0.8901
13.7721 13.774 -0.0019
14.0336 14.592 -0.5584
15.5671 16.384 -0.8169
14.09 14.95 -0.86
15.5164 16.422 -0.9056
16.855 17.682 -0.827
16.4578 17.305 -0.8472
14.0094 13.721 0.2884
15.9726 16.7 -0.7274
14.3566 15.253 -0.8964
16.3822 17.302 -0.9198
14.9584 15.873 -0.9146
15.0984 16.006 -0.9076
13.8588 14.21 -0.3512
14.9405 15.857 -0.9165
15.2402 16.053 -0.8128
14.2346 15.118 -0.8834
14.336 15.228 -0.892
15.412 16.311 -0.899
14.101 12.95 1.151
15.8148 16.546 -0.7312
16.3043 17.182 -0.8777
16.8657 99.999 -83.1333
16.0561 16.975 -0.9189
14.0426 14.243 -0.2004
15.5787 16.472 -0.8933
17.1135 18.035 -0.9215
14.3462 11.365 2.9812
15.085 15.961 -0.876
14.0417 14.908 -0.8663
14.8733 15.744 -0.8707
16.6149 17.58 -0.9651
16.3543 17.285 -0.9307
16.5917 17.545 -0.9533
14.0211 14.918 -0.8969
16.4706 17.36 -0.8894
14.931 15.859 -0.928
15.8665 16.548 -0.6815
15.0605 15.779 -0.7185
16.6222 17.317 -0.6948
16.4846 17.285 -0.8004
15.6406 16.374 -0.7334
15.096 15.907 -0.811
15.8527 16.763 -0.9103
16.3976 17.31 -0.9124
15.3691 16.291 -0.9219
13.8511 14.311 -0.4599
15.2921 16.174 -0.8819
14.4225 15.315 -0.8925
14.1443 14.658 -0.5137
15.8185 16.761 -0.9425
15.3208 16.125 -0.8042
15.3812 16.193 -0.8118
15.0655 15.88 -0.8145
13.7016 13.543 0.1586
14.9595 15.761 -0.8015
16.1673 16.888 -0.7207
15.4994 16.242 -0.7426
16.5832 17.296 -0.7128
15.8268 16.494 -0.6672
14.6228 15.418 -0.7952
15.8178 16.707 -0.8892
16.3725 17.24 -0.8675
14.8534 15.762 -0.9086
14.242 12.405 1.837
14.5149 15.399 -0.8841
15.8855 16.658 -0.7725
14.3627 15.12 -0.7573
16.5861 14.819 1.7671
14.3482 11.447 2.9012
14.7 15.594 -0.894
15.4859 16.2 -0.7141
16.989 17.903 -0.914
14.4286 15.337 -0.9084
16.7547 17.584 -0.8293
15.3492 16.223 -0.8738
16.1764 17.092 -0.9156
14.6476 15.533 -0.8854
